4
4
416051882
279999993
640
6986557
226962169
943177268
997464327
258906266
234878545
730358291
400
481955547
969728000
512
8
400160566
973191687
932571238
479139353
393517859
371459853
1024000
493374546
409600
108021661
683243079
187711157
338605222
73692221
200
910850165
381468163
642307245
312089842
26101707
688005474
301439930
632314806
163263993
319362665
438525677
271889414
79264000
327986185
429238051
447307356
2
85461326
241628367
643025096
551773946
403371288
614010631
275593221
175796527
334018122
561384245
343155179
856409687
181695023
202240
645083106
999602407
848618546
190312864
740291952
847797854
803763258
903214639
989773959
119989711
961748628
820111360
585889913
407768309
354549510
2
362393360
765652754
742443431
56803602
216958082
755636661
58944293
918258063
999999727
546507011
411095671
163985834
20480000
965204053
838495936
422003134
20224000
590835619
954961407
999977607
549925491
